function tp=tip_table
%C--- constituent names
tp.CST={'M2','S2','N2','K1', 'M4','O1','M6','MK3', 'S4','MN4','NU2','S6', 'MU2','2N2','OO1','LAMBDA2', 'S1 ','M1','J1','MM ', 'SSA','SA','MSF','MF', 'RHO1','Q1','T2','R2', '2Q1','P1','2SM2','M3', 'L2','2MK3','K2','M8','MS4'};
%C--- Tidal Potential Amplitude [m]
tp.TPK=[0.242334, 0.112841, 0.046398, 0.141565, -999., 0.100514,    -999.,    -999., -999.,    -999.,    -999.,    -999., -999.,    -999.,    -999.,    -999., -999.,    -999.,    -999., 0.022026, -999.,    -999.,    -999., 0.041742, -999., 0.019256,    -999.,    -999., -999., 0.046843,    -999.,    -999., -999.,    -999., 0.030704,    -999., -999.];
%C-- ORBITAL SPEEDS (DEGREES/HOUR):
tp.ACST=[28.9841042, 30.0000000, 28.4397295, 15.0410686, 57.9682084, 13.9430356, 86.9523127, 44.0251729, 60.0000000, 57.4238337, 28.5125831, 90.0000000, 27.9682084, 27.8953548, 16.1391017, 29.4556253, 15.0000000, 14.4966939, 15.5854433,  0.5443747, 0.08213730,  0.0410686,  1.0158958,  1.0980331, 13.47151405, 13.3986609, 29.9589333, 30.0410667, 12.8542862,  14.9589314, 31.0158958, 43.4761563, 29.5284789,  42.9271398, 30.0821373,115.9364169, 58.9841042];
%C-- NUMBER OF TIDE CYCLES PER DAY PER CONSTITUENT:
tp.PCST=[2.,2.,2.,1., 4.,1.,6.,3., 4.,4.,2.,6., 2.,2.,1.,2., 1.,1.,1.,0., 0.,0.,0.,0., 1.,1.,2.,2., 1.,1.,2.,3., 2.,3.,2.,8., 4.];
%C--- Earth Tide Reduction Factor
tp.ETRF=[0.693,0.693,0.693,0.736, 0.693,0.695,0.693,0.693, 0.693,0.693,0.693,0.693, 0.693,0.693,0.693,0.693, 0.693,0.693,0.693,0.693, 0.693,0.693,0.693,0.693, 0.693,0.695,0.693,0.693, 0.693,0.706,0.693,0.693, 0.693,0.693,0.693,0.693, 0.693];

